  
       XFOIL         Version 6.99
  
 Calculated polar for: NACA 64(3)-418                                  
  
 1 1 Reynolds number fixed          Mach number fixed         
  
 xtrf =   1.000 (top)        1.000 (bottom)  
 Mach =   0.000     Re =     1.000 e 6     Ncrit =   9.000
  
   alpha    CL        CD       CDp       CM     Top_Xtr  Bot_Xtr
  ------ -------- --------- --------- -------- -------- --------
  -4.000  -0.1268   0.00696   0.00197  -0.0711   0.6476   0.4762
  -3.900  -0.1150   0.00696   0.00196  -0.0713   0.6455   0.4808
  -3.800  -0.1031   0.00696   0.00194  -0.0714   0.6434   0.4843
  -3.700  -0.0914   0.00694   0.00192  -0.0716   0.6413   0.4878
  -3.600  -0.0797   0.00693   0.00191  -0.0717   0.6392   0.4912
  -3.500  -0.0681   0.00693   0.00189  -0.0718   0.6371   0.4946
  -3.400  -0.0564   0.00694   0.00188  -0.0719   0.6349   0.4979
  -3.300  -0.0447   0.00697   0.00188  -0.0721   0.6327   0.5012
  -3.200  -0.0328   0.00695   0.00187  -0.0722   0.6312   0.5051
  -3.100  -0.0210   0.00693   0.00186  -0.0724   0.6294   0.5089
  -3.000  -0.0092   0.00692   0.00186  -0.0725   0.6275   0.5122
  -2.900   0.0027   0.00693   0.00185  -0.0727   0.6256   0.5148
  -2.800   0.0145   0.00694   0.00184  -0.0728   0.6236   0.5173
  -2.700   0.0263   0.00696   0.00184  -0.0730   0.6216   0.5194
  -2.600   0.0380   0.00696   0.00183  -0.0731   0.6197   0.5224
  -2.500   0.0495   0.00695   0.00183  -0.0732   0.6177   0.5258
  -2.400   0.0611   0.00697   0.00184  -0.0733   0.6156   0.5293
  -2.300   0.0730   0.00699   0.00185  -0.0734   0.6141   0.5332
  -2.200   0.0850   0.00701   0.00186  -0.0736   0.6125   0.5366
  -2.100   0.0969   0.00701   0.00186  -0.0738   0.6108   0.5398
  -2.000   0.1086   0.00699   0.00186  -0.0739   0.6090   0.5431
  -1.900   0.1203   0.00699   0.00186  -0.0740   0.6071   0.5455
  -1.800   0.1321   0.00700   0.00186  -0.0742   0.6052   0.5472
  -1.700   0.1438   0.00701   0.00186  -0.0743   0.6034   0.5484
  -1.600   0.1555   0.00702   0.00185  -0.0744   0.6016   0.5496
  -1.500   0.1671   0.00704   0.00185  -0.0746   0.5996   0.5507
  -1.400   0.1787   0.00707   0.00185  -0.0747   0.5976   0.5520
  -1.300   0.1907   0.00707   0.00185  -0.0748   0.5964   0.5532
  -1.200   0.2027   0.00708   0.00185  -0.0750   0.5950   0.5545
  -1.100   0.2146   0.00708   0.00185  -0.0752   0.5936   0.5556
  -1.000   0.2264   0.00708   0.00184  -0.0753   0.5921   0.5569
  -0.900   0.2381   0.00706   0.00184  -0.0755   0.5905   0.5588
  -0.800   0.2499   0.00706   0.00184  -0.0756   0.5889   0.5603
  -0.700   0.2616   0.00706   0.00184  -0.0758   0.5874   0.5618
  -0.600   0.2733   0.00707   0.00184  -0.0759   0.5858   0.5631
  -0.500   0.2849   0.00708   0.00185  -0.0760   0.5843   0.5643
  -0.400   0.2965   0.00710   0.00185  -0.0761   0.5826   0.5655
  -0.300   0.3081   0.00713   0.00186  -0.0763   0.5808   0.5667
  -0.200   0.3199   0.00714   0.00187  -0.0764   0.5795   0.5680
  -0.100   0.3318   0.00714   0.00188  -0.0766   0.5784   0.5692
   0.000   0.3437   0.00715   0.00189  -0.0767   0.5772   0.5705
   0.100   0.3555   0.00716   0.00189  -0.0769   0.5760   0.5717
   0.200   0.3674   0.00717   0.00190  -0.0771   0.5747   0.5729
   0.300   0.3792   0.00718   0.00191  -0.0772   0.5734   0.5739
   0.400   0.3910   0.00719   0.00191  -0.0774   0.5721   0.5751
   0.500   0.4026   0.00718   0.00192  -0.0775   0.5707   0.5768
   0.600   0.4143   0.00718   0.00193  -0.0776   0.5694   0.5784
   0.700   0.4259   0.00719   0.00194  -0.0778   0.5681   0.5799
   0.800   0.4375   0.00721   0.00196  -0.0779   0.5668   0.5813
   0.900   0.4491   0.00723   0.00197  -0.0780   0.5654   0.5828
   1.000   0.4607   0.00727   0.00200  -0.0781   0.5638   0.5842
   1.100   0.4723   0.00730   0.00202  -0.0782   0.5623   0.5857
   1.200   0.4841   0.00730   0.00204  -0.0784   0.5614   0.5872
   1.300   0.4959   0.00731   0.00205  -0.0786   0.5604   0.5886
   1.400   0.5078   0.00732   0.00207  -0.0787   0.5593   0.5900
   1.500   0.5196   0.00733   0.00208  -0.0789   0.5581   0.5914
   1.600   0.5314   0.00735   0.00210  -0.0790   0.5569   0.5925
   1.700   0.5431   0.00735   0.00211  -0.0792   0.5556   0.5944
   1.800   0.5547   0.00735   0.00213  -0.0793   0.5542   0.5962
   1.900   0.5663   0.00736   0.00215  -0.0794   0.5529   0.5980
   2.000   0.5779   0.00737   0.00217  -0.0796   0.5515   0.5997
   2.100   0.5894   0.00739   0.00219  -0.0797   0.5500   0.6015
   2.200   0.6009   0.00742   0.00222  -0.0798   0.5485   0.6032
   2.300   0.6124   0.00746   0.00225  -0.0799   0.5469   0.6050
   2.400   0.6238   0.00751   0.00229  -0.0800   0.5452   0.6067
   2.500   0.6356   0.00752   0.00231  -0.0801   0.5443   0.6084
   2.600   0.6473   0.00753   0.00233  -0.0803   0.5433   0.6099
   2.700   0.6591   0.00755   0.00236  -0.0804   0.5424   0.6113
   2.800   0.6708   0.00755   0.00238  -0.0806   0.5414   0.6135
   2.900   0.6824   0.00755   0.00241  -0.0807   0.5403   0.6157
   3.000   0.6941   0.00756   0.00244  -0.0808   0.5392   0.6177
   3.100   0.7057   0.00757   0.00247  -0.0810   0.5380   0.6198
   3.200   0.7173   0.00759   0.00250  -0.0811   0.5366   0.6219
   3.300   0.7287   0.00761   0.00252  -0.0812   0.5349   0.6240
   3.400   0.7401   0.00764   0.00255  -0.0813   0.5329   0.6260
   3.500   0.7512   0.00769   0.00258  -0.0813   0.5304   0.6279
   3.600   0.7624   0.00775   0.00262  -0.0813   0.5276   0.6296
   3.700   0.7740   0.00773   0.00264  -0.0815   0.5258   0.6319
   3.800   0.7856   0.00772   0.00266  -0.0816   0.5239   0.6342
   3.900   0.7971   0.00772   0.00269  -0.0817   0.5217   0.6363
   4.000   0.8085   0.00774   0.00271  -0.0818   0.5192   0.6385
   4.100   0.8197   0.00776   0.00274  -0.0818   0.5164   0.6408
   4.200   0.8306   0.00781   0.00277  -0.0818   0.5133   0.6430
   4.300   0.8416   0.00787   0.00282  -0.0818   0.5104   0.6451
   4.400   0.8532   0.00787   0.00284  -0.0820   0.5088   0.6472
   4.600   0.8763   0.00789   0.00291  -0.0822   0.5050   0.6516
   4.700   0.8876   0.00790   0.00294  -0.0823   0.5025   0.6540
   4.800   0.8987   0.00793   0.00298  -0.0823   0.4999   0.6563
   4.900   0.9094   0.00798   0.00302  -0.0823   0.4966   0.6587
   5.000   0.9201   0.00804   0.00307  -0.0823   0.4933   0.6612
   5.100   0.9317   0.00804   0.00310  -0.0824   0.4904   0.6636
   5.200   0.9430   0.00807   0.00314  -0.0824   0.4865   0.6658
   5.400   0.9644   0.00816   0.00322  -0.0824   0.4790   0.6705
   5.500   0.9752   0.00821   0.00328  -0.0824   0.4761   0.6730
   5.600   0.9866   0.00822   0.00333  -0.0825   0.4737   0.6755
   5.700   0.9978   0.00825   0.00338  -0.0825   0.4706   0.6781
   5.800   1.0087   0.00829   0.00342  -0.0825   0.4666   0.6807
   5.900   1.0192   0.00835   0.00348  -0.0825   0.4628   0.6832
   6.000   1.0297   0.00842   0.00354  -0.0824   0.4588   0.6855
   6.100   1.0408   0.00845   0.00358  -0.0825   0.4540   0.6880
   6.200   1.0513   0.00850   0.00364  -0.0824   0.4486   0.6906
   6.300   1.0611   0.00858   0.00372  -0.0822   0.4429   0.6933
   6.400   1.0719   0.00863   0.00378  -0.0822   0.4362   0.6960
   6.500   1.0812   0.00874   0.00386  -0.0820   0.4267   0.6987
   6.600   1.0903   0.00887   0.00394  -0.0817   0.4121   0.7014
   6.700   1.0976   0.00910   0.00407  -0.0811   0.3906   0.7039
   6.800   1.1023   0.00945   0.00428  -0.0801   0.3641   0.7064
   6.900   1.1073   0.00979   0.00452  -0.0792   0.3413   0.7091
   7.000   1.1117   0.01015   0.00477  -0.0782   0.3176   0.7119
   7.100   1.1157   0.01053   0.00503  -0.0771   0.2943   0.7148
   7.200   1.1186   0.01095   0.00532  -0.0759   0.2686   0.7178
   7.300   1.1215   0.01135   0.00560  -0.0746   0.2461   0.7207
   7.400   1.1249   0.01171   0.00585  -0.0734   0.2267   0.7233
   7.500   1.1281   0.01205   0.00610  -0.0722   0.2093   0.7262
   7.600   1.1314   0.01236   0.00635  -0.0710   0.1941   0.7293
   7.700   1.1342   0.01264   0.00657  -0.0697   0.1822   0.7325
   7.800   1.1352   0.01292   0.00680  -0.0680   0.1701   0.7358
   7.900   1.1372   0.01319   0.00702  -0.0666   0.1587   0.7390
   8.000   1.1403   0.01344   0.00724  -0.0653   0.1509   0.7421
