  
       XFOIL         Version 6.99
  
 Calculated polar for: NACA 65-210                                     
  
 1 1 Reynolds number fixed          Mach number fixed         
  
 xtrf =   1.000 (top)        1.000 (bottom)  
 Mach =   0.000     Re =     1.000 e 6     Ncrit =   9.000
  
   alpha    CL        CD       CDp       CM     Top_Xtr  Bot_Xtr
  ------ -------- --------- --------- -------- -------- --------
  -4.000  -0.2581   0.00891   0.00315  -0.0415   0.8533   0.0235
  -3.900  -0.2475   0.00880   0.00301  -0.0414   0.8507   0.0240
  -3.800  -0.2367   0.00869   0.00289  -0.0414   0.8477   0.0247
  -3.700  -0.2259   0.00859   0.00277  -0.0414   0.8447   0.0253
  -3.600  -0.2151   0.00850   0.00266  -0.0413   0.8418   0.0259
  -3.500  -0.2043   0.00842   0.00256  -0.0413   0.8391   0.0265
  -3.400  -0.1935   0.00837   0.00247  -0.0413   0.8365   0.0270
  -3.300  -0.1824   0.00830   0.00240  -0.0413   0.8336   0.0274
  -3.200  -0.1714   0.00824   0.00232  -0.0413   0.8306   0.0277
  -3.100  -0.1609   0.00802   0.00204  -0.0412   0.8276   0.0305
  -3.000  -0.1501   0.00792   0.00192  -0.0412   0.8249   0.0329
  -2.900  -0.1393   0.00785   0.00184  -0.0411   0.8222   0.0353
  -2.800  -0.1282   0.00777   0.00176  -0.0412   0.8194   0.0373
  -2.700  -0.1171   0.00772   0.00170  -0.0412   0.8165   0.0389
  -2.600  -0.1062   0.00762   0.00161  -0.0412   0.8136   0.0463
  -2.500  -0.0955   0.00748   0.00154  -0.0412   0.8110   0.0650
  -2.400  -0.0859   0.00709   0.00141  -0.0412   0.8085   0.1436
  -2.300  -0.0765   0.00659   0.00127  -0.0413   0.8058   0.2513
  -2.200  -0.0672   0.00607   0.00114  -0.0413   0.8029   0.3641
  -2.100  -0.0580   0.00557   0.00102  -0.0413   0.8000   0.4772
  -2.000  -0.0478   0.00533   0.00099  -0.0413   0.7973   0.5420
  -1.900  -0.0371   0.00523   0.00097  -0.0413   0.7948   0.5735
  -1.800  -0.0261   0.00517   0.00096  -0.0413   0.7923   0.5957
  -1.700  -0.0151   0.00511   0.00096  -0.0413   0.7896   0.6145
  -1.600  -0.0040   0.00507   0.00095  -0.0413   0.7868   0.6298
  -1.500   0.0072   0.00504   0.00094  -0.0414   0.7841   0.6416
  -1.400   0.0183   0.00503   0.00093  -0.0414   0.7816   0.6530
  -1.300   0.0292   0.00501   0.00093  -0.0413   0.7793   0.6672
  -1.200   0.0404   0.00498   0.00095  -0.0413   0.7767   0.6819
  -1.100   0.0516   0.00497   0.00096  -0.0414   0.7740   0.6938
  -1.000   0.0626   0.00495   0.00097  -0.0413   0.7713   0.7028
  -0.900   0.0739   0.00495   0.00096  -0.0414   0.7688   0.7094
  -0.800   0.0850   0.00495   0.00097  -0.0414   0.7664   0.7144
  -0.700   0.0963   0.00496   0.00097  -0.0414   0.7640   0.7194
  -0.600   0.1077   0.00496   0.00096  -0.0415   0.7615   0.7236
  -0.500   0.1190   0.00495   0.00097  -0.0415   0.7588   0.7274
  -0.400   0.1302   0.00495   0.00097  -0.0415   0.7562   0.7325
  -0.300   0.1415   0.00497   0.00097  -0.0416   0.7537   0.7372
  -0.200   0.1526   0.00497   0.00098  -0.0416   0.7514   0.7416
  -0.100   0.1639   0.00497   0.00099  -0.0416   0.7490   0.7455
   0.000   0.1754   0.00497   0.00099  -0.0417   0.7465   0.7484
   0.100   0.1868   0.00498   0.00099  -0.0418   0.7439   0.7509
   0.200   0.1981   0.00498   0.00100  -0.0418   0.7414   0.7534
   0.300   0.2093   0.00498   0.00100  -0.0419   0.7390   0.7559
   0.400   0.2205   0.00500   0.00101  -0.0419   0.7367   0.7585
   0.500   0.2319   0.00500   0.00102  -0.0420   0.7343   0.7613
   0.600   0.2434   0.00500   0.00103  -0.0421   0.7317   0.7641
   0.700   0.2547   0.00501   0.00103  -0.0421   0.7279   0.7666
   0.800   0.2657   0.00502   0.00103  -0.0421   0.7239   0.7691
   0.900   0.2768   0.00502   0.00104  -0.0421   0.7186   0.7718
   1.000   0.2880   0.00503   0.00104  -0.0421   0.7129   0.7746
   1.100   0.2990   0.00505   0.00105  -0.0421   0.7083   0.7775
   1.300   0.3216   0.00506   0.00107  -0.0422   0.6999   0.7827
   1.400   0.3326   0.00507   0.00108  -0.0421   0.6954   0.7853
   1.500   0.3437   0.00509   0.00110  -0.0422   0.6903   0.7881
   1.600   0.3548   0.00511   0.00110  -0.0421   0.6826   0.7910
   1.700   0.3658   0.00514   0.00111  -0.0421   0.6733   0.7939
   1.800   0.3764   0.00517   0.00112  -0.0420   0.6637   0.7965
   1.900   0.3873   0.00519   0.00114  -0.0420   0.6540   0.7992
   2.000   0.3982   0.00522   0.00116  -0.0419   0.6448   0.8021
   2.100   0.4090   0.00527   0.00118  -0.0419   0.6351   0.8052
   2.200   0.4199   0.00531   0.00120  -0.0419   0.6239   0.8081
   2.300   0.4307   0.00536   0.00122  -0.0418   0.6117   0.8108
   2.400   0.4413   0.00541   0.00125  -0.0417   0.5991   0.8135
   2.500   0.4519   0.00547   0.00128  -0.0416   0.5847   0.8164
   2.600   0.4621   0.00557   0.00131  -0.0415   0.5639   0.8195
   2.700   0.4720   0.00573   0.00136  -0.0413   0.5304   0.8226
   2.800   0.4800   0.00607   0.00146  -0.0409   0.4665   0.8256
   2.900   0.4866   0.00660   0.00164  -0.0403   0.3787   0.8287
   3.000   0.4936   0.00714   0.00184  -0.0398   0.2955   0.8321
   3.100   0.5005   0.00769   0.00205  -0.0393   0.2097   0.8357
   3.200   0.5081   0.00817   0.00224  -0.0389   0.1393   0.8389
   3.300   0.5162   0.00855   0.00241  -0.0385   0.0841   0.8420
   3.400   0.5252   0.00882   0.00255  -0.0382   0.0515   0.8452
   3.500   0.5354   0.00896   0.00265  -0.0381   0.0422   0.8486
   3.600   0.5458   0.00909   0.00275  -0.0380   0.0370   0.8519
   3.700   0.5560   0.00920   0.00288  -0.0378   0.0333   0.8548
   3.800   0.5665   0.00925   0.00296  -0.0378   0.0325   0.8579
   3.900   0.5770   0.00933   0.00307  -0.0377   0.0312   0.8613
   4.000   0.5874   0.00943   0.00317  -0.0376   0.0296   0.8649
   4.100   0.5976   0.00954   0.00329  -0.0374   0.0277   0.8681
   4.200   0.6073   0.00969   0.00347  -0.0372   0.0253   0.8715
   4.300   0.6162   0.00998   0.00382  -0.0367   0.0231   0.8753
   4.400   0.6267   0.01005   0.00390  -0.0367   0.0228   0.8791
   4.500   0.6370   0.01012   0.00398  -0.0365   0.0224   0.8825
   4.600   0.6470   0.01021   0.00410  -0.0363   0.0219   0.8861
   4.700   0.6570   0.01032   0.00423  -0.0361   0.0214   0.8899
   4.800   0.6671   0.01043   0.00436  -0.0360   0.0208   0.8939
   4.900   0.6768   0.01055   0.00451  -0.0357   0.0201   0.8974
   5.000   0.6863   0.01068   0.00468  -0.0354   0.0197   0.9013
   5.100   0.6959   0.01082   0.00484  -0.0351   0.0191   0.9055
   5.300   0.7148   0.01109   0.00514  -0.0346   0.0182   0.9136
   5.400   0.7239   0.01123   0.00531  -0.0342   0.0178   0.9181
   5.500   0.7330   0.01143   0.00553  -0.0339   0.0174   0.9228
   5.600   0.7411   0.01165   0.00578  -0.0333   0.0170   0.9274
   5.700   0.7484   0.01196   0.00614  -0.0326   0.0167   0.9327
   5.900   0.7624   0.01264   0.00691  -0.0311   0.0162   0.9442
   6.000   0.7687   0.01307   0.00739  -0.0302   0.0160   0.9512
   6.100   0.7744   0.01360   0.00799  -0.0292   0.0158   0.9592
   6.200   0.7815   0.01428   0.00872  -0.0286   0.0156   0.9681
   6.400   0.8071   0.01463   0.00914  -0.0295   0.0155   0.9887
   6.500   0.8182   0.01484   0.00936  -0.0297   0.0154   1.0000
   6.600   0.8287   0.01500   0.00954  -0.0297   0.0152   1.0000
   6.700   0.8396   0.01503   0.00957  -0.0298   0.0150   1.0000
   6.800   0.8496   0.01528   0.00984  -0.0297   0.0149   1.0000
   6.900   0.8599   0.01543   0.01000  -0.0296   0.0146   1.0000
   7.000   0.8698   0.01569   0.01029  -0.0295   0.0144   1.0000
   7.100   0.8795   0.01599   0.01061  -0.0294   0.0142   1.0000
   7.200   0.8892   0.01630   0.01094  -0.0292   0.0139   1.0000
   7.300   0.8992   0.01650   0.01117  -0.0292   0.0136   1.0000
   7.400   0.9087   0.01687   0.01156  -0.0290   0.0134   1.0000
   7.500   0.9183   0.01719   0.01192  -0.0288   0.0132   1.0000
   7.600   0.9279   0.01747   0.01223  -0.0287   0.0130   1.0000
   7.700   0.9375   0.01775   0.01252  -0.0286   0.0128   1.0000
   7.800   0.9472   0.01795   0.01275  -0.0284   0.0125   1.0000
   7.900   0.9568   0.01814   0.01295  -0.0283   0.0123   1.0000
   8.000   0.9668   0.01811   0.01290  -0.0283   0.0120   1.0000
