  
       XFOIL         Version 6.99
  
 Calculated polar for: NACA 23012                                      
  
 1 1 Reynolds number fixed          Mach number fixed         
  
 xtrf =   1.000 (top)        1.000 (bottom)  
 Mach =   0.000     Re =     1.000 e 6     Ncrit =   9.000
  
   alpha    CL        CD       CDp       CM     Top_Xtr  Bot_Xtr
  ------ -------- --------- --------- -------- -------- --------
  -4.000  -0.2910   0.00924   0.00348  -0.0163   0.8824   0.0302
  -3.900  -0.2805   0.00919   0.00340  -0.0161   0.8751   0.0309
  -3.800  -0.2698   0.00914   0.00333  -0.0159   0.8674   0.0316
  -3.600  -0.2487   0.00904   0.00316  -0.0155   0.8511   0.0327
  -3.500  -0.2387   0.00891   0.00300  -0.0152   0.8423   0.0339
  -3.400  -0.2281   0.00884   0.00292  -0.0150   0.8327   0.0347
  -3.300  -0.2176   0.00881   0.00285  -0.0148   0.8235   0.0356
  -3.200  -0.2069   0.00877   0.00278  -0.0147   0.8134   0.0364
  -3.100  -0.1962   0.00874   0.00272  -0.0145   0.8039   0.0373
  -3.000  -0.1855   0.00873   0.00266  -0.0143   0.7940   0.0380
  -2.900  -0.1749   0.00865   0.00255  -0.0142   0.7846   0.0393
  -2.800  -0.1644   0.00859   0.00246  -0.0140   0.7751   0.0408
  -2.700  -0.1536   0.00856   0.00241  -0.0138   0.7651   0.0421
  -2.600  -0.1428   0.00854   0.00236  -0.0137   0.7553   0.0434
  -2.500  -0.1320   0.00853   0.00231  -0.0136   0.7445   0.0446
  -2.400  -0.1212   0.00850   0.00224  -0.0134   0.7338   0.0460
  -2.300  -0.1107   0.00845   0.00216  -0.0133   0.7225   0.0483
  -2.200  -0.1000   0.00843   0.00211  -0.0131   0.7109   0.0502
  -2.100  -0.0891   0.00842   0.00207  -0.0130   0.6996   0.0520
  -2.000  -0.0782   0.00842   0.00203  -0.0129   0.6889   0.0535
  -1.900  -0.0676   0.00837   0.00196  -0.0128   0.6779   0.0574
  -1.800  -0.0567   0.00835   0.00192  -0.0127   0.6676   0.0605
  -1.700  -0.0458   0.00835   0.00188  -0.0126   0.6573   0.0630
  -1.600  -0.0351   0.00831   0.00183  -0.0125   0.6465   0.0686
  -1.500  -0.0242   0.00829   0.00180  -0.0124   0.6362   0.0734
  -1.400  -0.0135   0.00826   0.00176  -0.0123   0.6252   0.0811
  -1.200   0.0077   0.00815   0.00167  -0.0120   0.6029   0.1106
  -1.100   0.0151   0.00759   0.00152  -0.0116   0.5923   0.2494
  -1.000   0.0226   0.00707   0.00143  -0.0112   0.5821   0.3779
  -0.900   0.0318   0.00685   0.00138  -0.0109   0.5710   0.4428
  -0.800   0.0412   0.00668   0.00136  -0.0106   0.5602   0.4946
  -0.700   0.0510   0.00654   0.00134  -0.0104   0.5499   0.5397
  -0.600   0.0609   0.00644   0.00132  -0.0101   0.5399   0.5779
  -0.500   0.0710   0.00636   0.00132  -0.0099   0.5293   0.6094
  -0.400   0.0812   0.00630   0.00131  -0.0097   0.5194   0.6373
  -0.300   0.0913   0.00626   0.00131  -0.0095   0.5092   0.6622
  -0.200   0.1016   0.00622   0.00131  -0.0093   0.4988   0.6854
  -0.100   0.1118   0.00618   0.00132  -0.0090   0.4888   0.7096
   0.000   0.1220   0.00616   0.00132  -0.0088   0.4779   0.7306
   0.100   0.1323   0.00614   0.00133  -0.0086   0.4672   0.7505
   0.200   0.1426   0.00614   0.00135  -0.0083   0.4566   0.7683
   0.300   0.1529   0.00615   0.00136  -0.0081   0.4449   0.7846
   0.400   0.1633   0.00616   0.00138  -0.0079   0.4346   0.7998
   0.500   0.1737   0.00618   0.00140  -0.0077   0.4243   0.8137
   0.600   0.1840   0.00619   0.00142  -0.0074   0.4140   0.8286
   0.700   0.1944   0.00621   0.00144  -0.0072   0.4047   0.8424
   0.900   0.2150   0.00627   0.00149  -0.0067   0.3856   0.8661
   1.000   0.2255   0.00632   0.00152  -0.0065   0.3764   0.8764
   1.100   0.2357   0.00635   0.00155  -0.0062   0.3671   0.8876
   1.200   0.2459   0.00640   0.00158  -0.0059   0.3582   0.8976
   1.400   0.2660   0.00650   0.00166  -0.0052   0.3404   0.9177
   1.500   0.2760   0.00657   0.00170  -0.0049   0.3313   0.9264
   1.600   0.2865   0.00663   0.00174  -0.0046   0.3235   0.9327
   1.700   0.2969   0.00670   0.00177  -0.0044   0.3153   0.9380
   1.800   0.3076   0.00676   0.00180  -0.0043   0.3084   0.9421
   1.900   0.3187   0.00682   0.00183  -0.0042   0.3014   0.9456
   2.000   0.3296   0.00689   0.00187  -0.0041   0.2952   0.9496
   2.100   0.3401   0.00694   0.00190  -0.0039   0.2895   0.9540
   2.200   0.3511   0.00701   0.00193  -0.0038   0.2835   0.9574
   2.300   0.3631   0.00707   0.00197  -0.0039   0.2784   0.9600
   2.400   0.3748   0.00713   0.00201  -0.0040   0.2735   0.9629
   2.600   0.3962   0.00727   0.00208  -0.0037   0.2639   0.9701
   2.700   0.4094   0.00732   0.00212  -0.0042   0.2599   0.9717
   2.800   0.4226   0.00739   0.00216  -0.0046   0.2556   0.9734
   2.900   0.4356   0.00747   0.00220  -0.0050   0.2513   0.9751
   3.000   0.4487   0.00753   0.00225  -0.0054   0.2479   0.9769
   3.100   0.4618   0.00758   0.00229  -0.0058   0.2453   0.9788
   3.200   0.4742   0.00764   0.00233  -0.0060   0.2424   0.9809
   3.300   0.4860   0.00771   0.00237  -0.0062   0.2395   0.9831
   3.400   0.5004   0.00778   0.00242  -0.0069   0.2363   0.9838
   3.500   0.5150   0.00786   0.00247  -0.0077   0.2331   0.9844
   3.600   0.5298   0.00790   0.00251  -0.0085   0.2312   0.9850
   3.700   0.5444   0.00796   0.00255  -0.0093   0.2289   0.9857
   3.800   0.5589   0.00802   0.00259  -0.0100   0.2263   0.9864
   3.900   0.5733   0.00808   0.00264  -0.0107   0.2237   0.9871
   4.000   0.5874   0.00816   0.00269  -0.0114   0.2210   0.9880
   4.100   0.6013   0.00825   0.00275  -0.0120   0.2181   0.9889
   4.200   0.6154   0.00829   0.00280  -0.0127   0.2168   0.9898
   4.300   0.6293   0.00833   0.00284  -0.0133   0.2154   0.9908
   4.400   0.6429   0.00838   0.00288  -0.0138   0.2138   0.9918
   4.500   0.6564   0.00844   0.00293  -0.0144   0.2119   0.9929
   4.600   0.6696   0.00850   0.00298  -0.0148   0.2100   0.9939
   4.700   0.6841   0.00857   0.00303  -0.0156   0.2078   0.9944
   4.800   0.6983   0.00864   0.00309  -0.0163   0.2053   0.9949
   4.900   0.7124   0.00874   0.00316  -0.0170   0.2026   0.9954
   5.000   0.7267   0.00878   0.00320  -0.0177   0.2016   0.9960
   5.100   0.7410   0.00881   0.00324  -0.0184   0.2005   0.9967
   5.200   0.7552   0.00886   0.00329  -0.0191   0.1991   0.9973
   5.300   0.7693   0.00891   0.00334  -0.0198   0.1976   0.9980
   5.400   0.7833   0.00896   0.00339  -0.0205   0.1959   0.9986
   5.500   0.7973   0.00902   0.00344  -0.0211   0.1940   0.9992
   5.600   0.8112   0.00910   0.00350  -0.0218   0.1921   0.9997
   5.700   0.8226   0.00918   0.00356  -0.0219   0.1900   1.0000
   5.800   0.8315   0.00927   0.00364  -0.0215   0.1879   1.0000
   5.900   0.8408   0.00931   0.00369  -0.0211   0.1870   1.0000
   6.000   0.8502   0.00934   0.00373  -0.0208   0.1862   1.0000
   6.100   0.8595   0.00938   0.00378  -0.0205   0.1853   1.0000
   6.200   0.8689   0.00942   0.00382  -0.0201   0.1841   1.0000
   6.300   0.8782   0.00947   0.00387  -0.0198   0.1828   1.0000
   6.400   0.8874   0.00952   0.00392  -0.0194   0.1814   1.0000
   6.500   0.8966   0.00958   0.00398  -0.0191   0.1799   1.0000
   6.600   0.9058   0.00964   0.00403  -0.0187   0.1785   1.0000
   6.700   0.9149   0.00972   0.00410  -0.0183   0.1770   1.0000
   6.800   0.9238   0.00980   0.00418  -0.0179   0.1752   1.0000
   6.900   0.9325   0.00992   0.00428  -0.0175   0.1731   1.0000
   7.000   0.9420   0.00996   0.00434  -0.0171   0.1723   1.0000
   7.100   0.9515   0.01000   0.00439  -0.0168   0.1714   1.0000
   7.200   0.9610   0.01004   0.00444  -0.0165   0.1704   1.0000
   7.300   0.9705   0.01009   0.00450  -0.0162   0.1692   1.0000
   7.400   0.9799   0.01015   0.00456  -0.0159   0.1679   1.0000
   7.500   0.9892   0.01022   0.00463  -0.0155   0.1665   1.0000
   7.600   0.9986   0.01029   0.00470  -0.0152   0.1650   1.0000
   7.700   1.0078   0.01037   0.00477  -0.0149   0.1634   1.0000
   7.800   1.0169   0.01046   0.00485  -0.0145   0.1616   1.0000
   7.900   1.0258   0.01058   0.00496  -0.0141   0.1595   1.0000
   8.000   1.0353   0.01065   0.00504  -0.0138   0.1584   1.0000
