  
       XFOIL         Version 6.99
  
 Calculated polar for: NASA SC(2)-0610 AIRFOIL                         
  
 1 1 Reynolds number fixed          Mach number fixed         
  
 xtrf =   1.000 (top)        1.000 (bottom)  
 Mach =   0.000     Re =     1.000 e 6     Ncrit =   9.000
  
   alpha    CL        CD       CDp       CM     Top_Xtr  Bot_Xtr
  ------ -------- --------- --------- -------- -------- --------
  -4.000  -0.0809   0.00729   0.00271  -0.0925   0.9805   0.2503
  -3.900  -0.0657   0.00706   0.00263  -0.0936   0.9804   0.2909
  -3.800  -0.0505   0.00681   0.00255  -0.0948   0.9803   0.3381
  -3.700  -0.0348   0.00654   0.00247  -0.0961   0.9803   0.3934
  -3.600  -0.0189   0.00624   0.00239  -0.0975   0.9804   0.4519
  -3.500  -0.0030   0.00598   0.00234  -0.0988   0.9805   0.5109
  -3.400   0.0125   0.00582   0.00231  -0.0999   0.9801   0.5516
  -3.300   0.0278   0.00572   0.00229  -0.1008   0.9795   0.5778
  -3.200   0.0433   0.00565   0.00225  -0.1017   0.9788   0.5920
  -3.100   0.0596   0.00557   0.00219  -0.1028   0.9780   0.6033
  -3.000   0.0762   0.00549   0.00213  -0.1039   0.9773   0.6114
  -2.900   0.0923   0.00542   0.00207  -0.1049   0.9765   0.6190
  -2.800   0.1077   0.00537   0.00200  -0.1058   0.9755   0.6243
  -2.700   0.1224   0.00531   0.00197  -0.1065   0.9745   0.6291
  -2.600   0.1370   0.00527   0.00195  -0.1072   0.9735   0.6336
  -2.500   0.1516   0.00524   0.00192  -0.1079   0.9724   0.6380
  -2.400   0.1623   0.00523   0.00190  -0.1077   0.9696   0.6413
  -2.300   0.1741   0.00521   0.00188  -0.1077   0.9669   0.6446
  -2.200   0.1863   0.00518   0.00187  -0.1078   0.9645   0.6481
  -2.100   0.1986   0.00516   0.00186  -0.1080   0.9621   0.6517
  -2.000   0.2113   0.00514   0.00185  -0.1082   0.9599   0.6553
  -1.900   0.2242   0.00514   0.00183  -0.1085   0.9578   0.6588
  -1.800   0.2371   0.00512   0.00182  -0.1088   0.9553   0.6626
  -1.700   0.2474   0.00512   0.00184  -0.1084   0.9508   0.6659
  -1.600   0.2584   0.00511   0.00183  -0.1082   0.9454   0.6685
  -1.500   0.2700   0.00511   0.00181  -0.1081   0.9397   0.6709
  -1.400   0.2810   0.00511   0.00180  -0.1080   0.9338   0.6727
  -1.300   0.2922   0.00512   0.00180  -0.1079   0.9282   0.6743
  -1.200   0.3036   0.00513   0.00179  -0.1078   0.9231   0.6758
  -1.100   0.3149   0.00515   0.00179  -0.1077   0.9179   0.6773
  -1.000   0.3262   0.00516   0.00179  -0.1076   0.9120   0.6789
  -0.900   0.3373   0.00516   0.00178  -0.1075   0.9059   0.6807
  -0.800   0.3484   0.00517   0.00180  -0.1074   0.8992   0.6827
  -0.700   0.3594   0.00519   0.00181  -0.1072   0.8907   0.6845
  -0.600   0.3704   0.00523   0.00183  -0.1070   0.8827   0.6866
  -0.500   0.3813   0.00527   0.00184  -0.1068   0.8729   0.6888
  -0.400   0.3923   0.00532   0.00187  -0.1067   0.8624   0.6910
  -0.300   0.4032   0.00538   0.00188  -0.1065   0.8495   0.6932
  -0.200   0.4140   0.00545   0.00189  -0.1063   0.8331   0.6948
  -0.100   0.4245   0.00555   0.00190  -0.1060   0.8109   0.6960
   0.000   0.4347   0.00568   0.00191  -0.1057   0.7835   0.6972
   0.100   0.4443   0.00585   0.00193  -0.1052   0.7398   0.6986
   0.200   0.4527   0.00618   0.00198  -0.1046   0.6730   0.6998
   0.300   0.4609   0.00661   0.00209  -0.1041   0.5937   0.7008
   0.400   0.4698   0.00701   0.00220  -0.1037   0.5223   0.7018
   0.500   0.4791   0.00736   0.00230  -0.1034   0.4575   0.7029
   0.600   0.4886   0.00771   0.00240  -0.1031   0.3981   0.7039
   0.700   0.4987   0.00797   0.00249  -0.1030   0.3519   0.7049
   0.800   0.5089   0.00822   0.00257  -0.1029   0.3104   0.7059
   0.900   0.5191   0.00846   0.00265  -0.1027   0.2694   0.7069
   1.000   0.5295   0.00868   0.00273  -0.1026   0.2338   0.7078
   1.100   0.5401   0.00887   0.00280  -0.1026   0.2055   0.7086
   1.200   0.5507   0.00907   0.00288  -0.1025   0.1771   0.7094
   1.300   0.5613   0.00926   0.00295  -0.1024   0.1521   0.7103
   1.400   0.5722   0.00941   0.00302  -0.1024   0.1336   0.7111
   1.600   0.5940   0.00970   0.00317  -0.1023   0.1073   0.7127
   1.700   0.6051   0.00981   0.00324  -0.1023   0.0970   0.7135
   1.800   0.6162   0.00993   0.00330  -0.1023   0.0874   0.7141
   1.900   0.6272   0.01005   0.00337  -0.1023   0.0803   0.7147
   2.000   0.6384   0.01016   0.00344  -0.1022   0.0748   0.7153
   2.100   0.6496   0.01022   0.00350  -0.1022   0.0707   0.7162
   2.200   0.6606   0.01031   0.00356  -0.1022   0.0670   0.7172
   2.300   0.6718   0.01038   0.00362  -0.1022   0.0642   0.7181
   2.400   0.6828   0.01048   0.00370  -0.1021   0.0614   0.7190
   2.500   0.6940   0.01054   0.00377  -0.1021   0.0592   0.7199
   2.600   0.7051   0.01063   0.00385  -0.1021   0.0569   0.7207
   2.700   0.7161   0.01073   0.00394  -0.1020   0.0548   0.7215
   2.800   0.7272   0.01080   0.00401  -0.1020   0.0529   0.7223
   2.900   0.7382   0.01090   0.00409  -0.1019   0.0510   0.7231
   3.000   0.7493   0.01099   0.00418  -0.1019   0.0493   0.7239
   3.100   0.7604   0.01106   0.00425  -0.1018   0.0476   0.7247
   3.200   0.7714   0.01116   0.00434  -0.1018   0.0460   0.7256
   3.300   0.7824   0.01126   0.00443  -0.1017   0.0446   0.7264
   3.400   0.7935   0.01133   0.00451  -0.1017   0.0432   0.7273
   3.500   0.8045   0.01142   0.00459  -0.1016   0.0418   0.7282
   3.600   0.8154   0.01154   0.00470  -0.1016   0.0404   0.7292
   3.700   0.8265   0.01162   0.00478  -0.1015   0.0392   0.7301
   3.800   0.8375   0.01171   0.00487  -0.1015   0.0378   0.7310
   3.900   0.8483   0.01184   0.00498  -0.1014   0.0365   0.7319
   4.000   0.8594   0.01193   0.00507  -0.1013   0.0353   0.7327
   4.100   0.8704   0.01202   0.00516  -0.1013   0.0341   0.7334
   4.200   0.8812   0.01215   0.00527  -0.1012   0.0328   0.7340
   4.300   0.8920   0.01226   0.00538  -0.1011   0.0317   0.7350
   4.400   0.9030   0.01234   0.00548  -0.1010   0.0305   0.7361
   4.500   0.9137   0.01245   0.00558  -0.1010   0.0295   0.7370
   4.600   0.9242   0.01261   0.00574  -0.1008   0.0284   0.7379
   4.700   0.9350   0.01270   0.00585  -0.1007   0.0275   0.7388
   4.800   0.9458   0.01281   0.00596  -0.1006   0.0267   0.7396
   4.900   0.9564   0.01294   0.00609  -0.1005   0.0259   0.7404
   5.000   0.9667   0.01315   0.00629  -0.1003   0.0250   0.7412
   5.100   0.9775   0.01324   0.00640  -0.1002   0.0244   0.7421
   5.200   0.9882   0.01335   0.00653  -0.1001   0.0238   0.7429
   5.300   0.9989   0.01347   0.00666  -0.0999   0.0232   0.7438
   5.400   1.0094   0.01360   0.00679  -0.0998   0.0227   0.7447
   5.500   1.0198   0.01377   0.00695  -0.0996   0.0222   0.7456
   5.600   1.0297   0.01402   0.00721  -0.0994   0.0217   0.7465
   5.700   1.0404   0.01414   0.00735  -0.0992   0.0214   0.7474
   5.800   1.0509   0.01428   0.00750  -0.0991   0.0211   0.7483
   5.900   1.0614   0.01442   0.00766  -0.0989   0.0208   0.7492
   6.000   1.0719   0.01457   0.00782  -0.0988   0.0204   0.7500
   6.100   1.0823   0.01473   0.00798  -0.0986   0.0201   0.7508
   6.200   1.0927   0.01488   0.00814  -0.0985   0.0199   0.7516
   6.300   1.1030   0.01505   0.00831  -0.0983   0.0196   0.7522
   6.500   1.1231   0.01545   0.00872  -0.0979   0.0191   0.7540
   6.600   1.1325   0.01574   0.00904  -0.0975   0.0188   0.7551
   6.700   1.1420   0.01602   0.00935  -0.0972   0.0186   0.7560
   6.800   1.1522   0.01618   0.00954  -0.0970   0.0184   0.7569
   6.900   1.1623   0.01636   0.00974  -0.0968   0.0183   0.7578
   7.000   1.1723   0.01654   0.00995  -0.0965   0.0181   0.7586
   7.100   1.1823   0.01673   0.01017  -0.0963   0.0180   0.7595
   7.200   1.1921   0.01693   0.01039  -0.0960   0.0178   0.7604
   7.300   1.2020   0.01714   0.01062  -0.0958   0.0177   0.7613
   7.400   1.2118   0.01735   0.01086  -0.0955   0.0175   0.7622
   7.500   1.2215   0.01756   0.01110  -0.0952   0.0174   0.7631
   7.600   1.2312   0.01778   0.01134  -0.0949   0.0172   0.7641
   7.700   1.2409   0.01800   0.01158  -0.0947   0.0171   0.7650
   7.800   1.2505   0.01822   0.01182  -0.0944   0.0170   0.7660
   7.900   1.2601   0.01845   0.01206  -0.0941   0.0168   0.7670
   8.000   1.2696   0.01868   0.01231  -0.0938   0.0167   0.7680
