Results_Name,VSPAERO_History
Results_Timestamp,1762337876
Results_Date,11,5,2025
Results_Time,11,17,56
Alpha,0.000000000000000000e+00,0.000000000000000000e+00,0.000000000000000000e+00,0.000000000000000000e+00,0.000000000000000000e+00
AnalysisMethod,0
Beta,0.000000000000000000e+00,0.000000000000000000e+00,0.000000000000000000e+00,0.000000000000000000e+00,0.000000000000000000e+00
CDi,7.164013268977000415e+00,5.171779633978999868e+00,3.786554268995999895e+00,4.836940239990000223e-01,1.770178867280999935e+00
CDo,1.514357917439999868e-01,4.896291550990000130e-01,4.363319996981999793e+00,2.911106897699999863e-02,2.168169943840000113e-01
CDt,6.800970714776999770e+00,4.599688713849999999e+00,2.905553022065999969e+00,3.506350176720000045e-01,1.133165424621999984e+00
CDtot,7.315449060719999785e+00,5.661408789078000048e+00,8.149874265977999244e+00,5.128050929770000543e-01,1.986995861665000085e+00
CDtott,6.952406506520000029e+00,5.089317868949000179e+00,7.268873019048999851e+00,3.797460866490000031e-01,1.349982419005999912e+00
CFx,7.315449060719999785e+00,5.661408789078000048e+00,8.149874265977999244e+00,5.128050929770000543e-01,1.986995861665000085e+00
CFxi,7.164013268977000415e+00,5.171779633978999868e+00,3.786554268995999895e+00,4.836940239990000223e-01,1.770178867280999935e+00
CFxo,1.514357917439999868e-01,4.896291550990000130e-01,4.363319996981999793e+00,2.911106897699999863e-02,2.168169943840000113e-01
CFy,1.730228099290000099e+00,3.843857546375999856e+00,2.869369165439000113e+00,1.493480961239999905e-01,7.418874281480000166e-01
CFyi,1.723501127914000008e+00,1.702834134461000071e+00,1.979207311241000022e+00,1.487977055470000032e-01,6.314287761300000357e-01
CFyo,6.726971376000000225e-03,2.141023411915000008e+00,8.901618541979999799e-01,5.503905759999999691e-04,1.104586520179999948e-01
CFz,-1.180942627467000072e+00,-1.301378154499700024e+01,-1.014835466242399953e+01,3.572151352769999955e-01,7.188919854290000133e-01
CFzi,-1.201793797719000079e+00,-3.554267917650999919e+00,-5.855069239384000035e+00,3.591939498389999930e-01,9.407719876869999887e-01
CFzo,2.085117025100000077e-02,-9.459513627345000231e+00,-4.293285423040000381e+00,-1.978814561000000107e-03,-2.218800022580000031e-01
CL,-1.180942627467000072e+00,-1.301378154499700024e+01,-1.014835466242399953e+01,3.572151352769999955e-01,7.188919854290000133e-01
CLi,-1.201793797719000079e+00,-3.554267917650999919e+00,-5.855069239384000035e+00,3.591939498389999930e-01,9.407719876869999887e-01
CLo,2.085117025100000077e-02,-9.459513627345000231e+00,-4.293285423040000381e+00,-1.978814561000000107e-03,-2.218800022580000031e-01
CMx,6.406042132281999812e+00,1.713520029572630108e+02,1.342674741916110008e+02,-4.176569630147000112e+00,9.411249400516000563e+00
CMxi,6.515549776803999826e+00,4.561725773972700182e+01,7.727763932505999378e+01,-4.179243749361999605e+00,1.236121259278700002e+01
CMxo,-1.095076445230000056e-01,1.257347452175360019e+02,5.698983486655099995e+01,2.674119214999999983e-03,-2.949963192271999990e+00
CMy,5.029084801924000203e+00,3.517431161798499772e+01,2.857148919201399906e+01,-5.538952673600000542e-01,-1.660333944695999930e+00
CMyi,5.070552811054000131e+00,1.180216301024199943e+01,1.803569499946100052e+01,-5.582455642489999592e-01,-2.205340286455999887e+00
CMyo,-4.146800912999999700e-02,2.337214860774300007e+01,1.053579419255300031e+01,4.350296889000000375e-03,5.450063417589999792e-01
CMz,8.436824843415699604e+01,7.043151384180100649e+01,1.038955761571990024e+02,-2.668723967615000081e+00,-8.762200076819999239e+00
CMzi,8.375920171512299817e+01,5.973611561951800297e+01,4.482904987121000318e+01,-2.660258825405000138e+00,-6.395777213659999738e+00
CMzo,6.090467190339999837e-01,1.069539822228299997e+01,5.906652628598899923e+01,-8.465142210000000181e-03,-2.366422863159999945e+00
CS,1.730228099290000099e+00,3.843857546375999856e+00,2.869369165439000113e+00,1.493480961239999905e-01,7.418874281480000166e-01
CSi,1.723501127914000008e+00,1.702834134461000071e+00,1.979207311241000022e+00,1.487977055470000032e-01,6.314287761300000357e-01
CSo,6.726971376000000225e-03,2.141023411915000008e+00,8.901618541979999799e-01,5.503905759999999691e-04,1.104586520179999948e-01
E,6.417320840050000363e+00,7.775181377707899344e+01,2.881841575757860028e+02,8.490583194704999670e+00,1.591482328816099923e+01
FC_AoA_,0.000000000000000000e+00
FC_Beta_,0.000000000000000000e+00
FC_Bref_,1.000000000000000000e+00
FC_Cref_,1.000000000000000000e+00
FC_Mach_,1.000000000000000021e-03
FC_Pitch_Rate,0.000000000000000000e+00
FC_ReCref_,2.500000000000000000e+07
FC_Rho_,2.377000000000000206e-03
FC_Roll__Rate,0.000000000000000000e+00
FC_Sref_,1.000000000000000000e+02
FC_Vinf_,1.000000000000000000e+02
FC_Xcg_,3.075636999999999954e+00
FC_Yaw___Rate,0.000000000000000000e+00
FC_Ycg_,0.000000000000000000e+00
FC_Zcg_,6.442999999999999942e-03
L/D,-1.642816165819999952e-01,-6.278062669680000152e-01,-7.184244870899999524e-01,7.004492637810000311e-01,4.734644927239999856e-01
Mach,1.000000000000000021e-03,1.000000000000000021e-03,1.000000000000000021e-03,1.000000000000000021e-03,1.000000000000000021e-03
T/QS,0.000000000000000000e+00,0.000000000000000000e+00,0.000000000000000000e+00,0.000000000000000000e+00,0.000000000000000000e+00
WakeIter,1,2,3,4,5
Results_Name,VSPAERO_Polar
Results_Timestamp,1762337876
Results_Date,11,5,2025
Results_Time,11,17,56
Alpha,0.000000000000000000e+00
Beta,0.000000000000000000e+00
CDi,1.770178867280999935e+00
CDo,2.168169943840000113e-01
CDt,1.133165424621999984e+00
CDtot,1.986995861665000085e+00
CDtott,1.349982419005999912e+00
CFx,1.986995861665000085e+00
CFy,7.418874281480000166e-01
CFz,7.188919854290000133e-01
CL,7.188919854290000133e-01
CMl,-9.411249400516000563e+00
CMm,-1.660333944695999930e+00
CMn,8.762200076819999239e+00
CMx,9.411249400516000563e+00
CMy,-1.660333944695999930e+00
CMz,-8.762200076819999239e+00
CS,7.418874281480000166e-01
E,8.279050636949000008e+00
Fopt,0.000000000000000000e+00
L_D,3.617984311390000096e-01
Mach,0.000000000000000000e+00
Re_1e6,2.500000000000000000e+01
Results_Name,VSPAERO_Load
Results_Timestamp,1762337876
Results_Date,11,5,2025
Results_Time,11,17,56
AnalysisMethod,0
Chord,3.878829999999999778e+00,3.262309999999999821e+00,2.645789999999999864e+00,2.029279999999999973e+00,1.412760000000000016e+00,3.878829999999999778e+00,3.262309999999999821e+00,2.645789999999999864e+00,2.029279999999999973e+00,1.412760000000000016e+00
FC_AoA_,0.000000000000000000e+00
FC_Beta_,0.000000000000000000e+00
FC_Bref_,1.000000000000000000e+00
FC_Cref_,1.000000000000000000e+00
FC_Mach_,1.000000000000000021e-03
FC_Pitch_Rate,0.000000000000000000e+00
FC_Rho_,2.377000000000000206e-03
FC_Roll__Rate,0.000000000000000000e+00
FC_Sref_,1.000000000000000000e+02
FC_Vinf_,1.000000000000000000e+02
FC_Xcg_,3.075636999999999954e+00
FC_Yaw___Rate,0.000000000000000000e+00
FC_Ycg_,0.000000000000000000e+00
FC_Zcg_,6.442999999999999942e-03
S,7.281999999999999584e-02,2.524399999999999977e-01,4.660299999999999998e-01,6.796200000000000019e-01,8.932099999999999485e-01,7.281999999999999584e-02,2.524399999999999977e-01,4.660299999999999998e-01,6.796200000000000019e-01,8.932099999999999485e-01
V/Vref,9.990400000000000391e-01,1.005479999999999929e+00,1.025649999999999951e+00,1.163869999999999960e+00,2.457600000000000062e-01,1.000110000000000054e+00,1.006820000000000048e+00,1.027749999999999941e+00,1.167689999999999895e+00,4.367699999999999916e-01
WingId,1,1,1,1,1,2,2,2,2,2
Xavg,2.469430000000000014e+00,3.234700000000000131e+00,3.999070000000000125e+00,4.761730000000000018e+00,5.520450000000000301e+00,2.469430000000000014e+00,3.234700000000000131e+00,3.999070000000000125e+00,4.761730000000000018e+00,5.520450000000000301e+00
Yavg,1.438730000000000064e+00,4.387089999999999712e+00,7.331999999999999851e+00,1.027031999999999989e+01,1.319341999999999970e+01,-1.438730000000000064e+00,-4.387089999999999712e+00,-7.331999999999999851e+00,-1.027031999999999989e+01,-1.319341999999999970e+01
Zavg,1.038999999999999993e-02,8.750000000000000833e-03,7.100000000000000408e-03,5.470000000000000036e-03,3.840000000000000097e-03,1.038999999999999993e-02,8.750000000000000833e-03,7.100000000000000408e-03,5.470000000000000036e-03,3.840000000000000097e-03
cd,5.429999999999999931e-03,7.779999999999999589e-03,1.399999999999999877e-04,1.739130000000000065e+00,2.642058000000000106e+01,2.109999999999999896e-03,-8.550000000000000308e-03,-4.175999999999999851e-02,-1.141780000000000017e+00,1.509999999999999964e+01
cd*c/cref,2.106204689999999907e-02,2.538077179999999669e-02,3.704105999999999328e-04,3.529181726400000052e+00,3.732593860080000070e+01,8.184331299999998352e-03,-2.789275050000000061e-02,-1.104881903999999915e-01,-2.316991318399999944e+00,2.133267599999999931e+01
cl,2.473799999999999888e-01,1.679900000000000004e-01,-9.797999999999999765e-02,9.984299999999999287e+00,8.179500000000000881e+00,3.123799999999999910e-01,4.541100000000000136e-01,8.082599999999999785e-01,-3.457780000000000076e+00,6.332400000000000251e-01
cl*c/cref,9.595449653999998940e-01,5.480354568999999954e-01,-2.592345041999999933e-01,2.026094030399999824e+01,1.155567042000000200e+01,1.211668915399999991e+00,1.481447594100000043e+00,2.138486225399999885e+00,-7.016803798399999792e+00,8.946161424000000917e-01
cmx,9.421999999999999820e-02,2.284100000000000019e-01,-2.668699999999999961e-01,5.911243999999999943e+01,6.528270000000000550e+01,-1.189800000000000024e-01,-6.168799999999999839e-01,-2.253909999999999858e+00,2.172993999999999915e+01,-1.180095999999999989e+01
cmx*c/cref,3.654633625999999524e-01,7.451442270999999451e-01,-7.060819772999999966e-01,1.199556922431999908e+02,9.222878725200000360e+01,-4.615031933999999558e-01,-2.012453792799999697e+00,-5.963372538899998965e+00,4.409613264320000070e+01,-1.667192424959999997e+01
cmy,6.139999999999999625e-03,-5.539000000000000173e-02,-8.698000000000000176e-02,-1.509024999999999928e+01,-1.864440000000000097e+01,2.931999999999999884e-02,-1.409999999999999969e-02,-1.989400000000000057e-01,6.216569999999999929e+00,7.397200000000000442e-01
cmy*c/cref,2.381601619999999808e-02,-1.806993508999999998e-01,-2.301308142000000057e-01,-3.062234251999999657e+01,-2.634006254400000202e+01,1.137272955999999863e-01,-4.599857099999999505e-02,-5.263534625999999328e-01,1.261516116960000033e+01,1.045046827199999973e+00
cmz,-2.530000000000000131e-03,-1.051000000000000024e-02,1.777000000000000107e-02,-3.079410000000000203e+00,-2.442722500000000139e+02,1.670000000000000043e-03,-9.740000000000000394e-03,-1.203300000000000064e-01,-4.114860000000000184e+00,1.513595100000000002e+02
cmz*c/cref,-9.813439900000000063e-03,-3.428687810000000113e-02,4.701568829999999699e-02,-6.248985124799999902e+00,-3.450980639100000076e+02,6.477646099999999699e-03,-3.177489940000000068e-02,-3.183679106999999786e-01,-8.350203100799999945e+00,2.138346613475999902e+02
cs,-3.299999999999999982e-04,1.170000000000000033e-03,3.545000000000000234e-02,5.264269999999999783e+00,2.992039999999999811e+00,-4.099999999999999912e-04,-4.720000000000000237e-03,-3.141999999999999654e-02,1.358980000000000077e+00,2.592560000000000198e+00
cs*c/cref,-1.280013899999999857e-03,3.816902699999999860e-03,9.379325550000000566e-02,1.068267782559999901e+01,4.227034430399999820e+00,-1.590320299999999770e-03,-1.539810320000000073e-02,-8.313072179999998756e-02,2.757750934400000187e+00,3.662665065600000158e+00
cx,5.429999999999999931e-03,7.779999999999999589e-03,1.399999999999999877e-04,1.739130000000000065e+00,2.642058000000000106e+01,2.109999999999999896e-03,-8.550000000000000308e-03,-4.175999999999999851e-02,-1.141780000000000017e+00,1.509999999999999964e+01
cx*c/cref,2.106204689999999907e-02,2.538077179999999669e-02,3.704105999999999328e-04,3.529181726400000052e+00,3.732593860080000070e+01,8.184331299999998352e-03,-2.789275050000000061e-02,-1.104881903999999915e-01,-2.316991318399999944e+00,2.133267599999999931e+01
cy,-3.299999999999999982e-04,1.170000000000000033e-03,3.545000000000000234e-02,5.264269999999999783e+00,2.992039999999999811e+00,-4.099999999999999912e-04,-4.720000000000000237e-03,-3.141999999999999654e-02,1.358980000000000077e+00,2.592560000000000198e+00
cy*c/cref,-1.280013899999999857e-03,3.816902699999999860e-03,9.379325550000000566e-02,1.068267782559999901e+01,4.227034430399999820e+00,-1.590320299999999770e-03,-1.539810320000000073e-02,-8.313072179999998756e-02,2.757750934400000187e+00,3.662665065600000158e+00
cz,2.473799999999999888e-01,1.679900000000000004e-01,-9.797999999999999765e-02,9.984299999999999287e+00,8.179500000000000881e+00,3.123799999999999910e-01,4.541100000000000136e-01,8.082599999999999785e-01,-3.457780000000000076e+00,6.332400000000000251e-01
cz*c/cref,9.595449653999998940e-01,5.480354568999999954e-01,-2.592345041999999933e-01,2.026094030399999824e+01,1.155567042000000200e+01,1.211668915399999991e+00,1.481447594100000043e+00,2.138486225399999885e+00,-7.016803798399999792e+00,8.946161424000000917e-01
Results_Name,VSPAERO_Comp_Load
Results_Timestamp,1762337876
Results_Date,11,5,2025
Results_Time,11,17,56
AoA,0.000000000000000000e+00,0.000000000000000000e+00,0.000000000000000000e+00
Beta,0.000000000000000000e+00,0.000000000000000000e+00,0.000000000000000000e+00
CDi,0.000000000000000000e+00,1.211019999999999985e+00,5.591599999999999904e-01
CFx,0.000000000000000000e+00,1.211019999999999985e+00,5.591599999999999904e-01
CFy,0.000000000000000000e+00,4.442999999999999727e-01,1.871299999999999908e-01
CFz,0.000000000000000000e+00,9.789799999999999613e-01,-3.821000000000000091e-02
CL,0.000000000000000000e+00,9.789799999999999613e-01,-3.821000000000000091e-02
Cmx,0.000000000000000000e+00,1.112371000000000087e+01,1.237510000000000110e+00
Cmy,0.000000000000000000e+00,-2.974390000000000089e+00,7.690500000000000114e-01
Cmz,0.000000000000000000e+00,-1.481127000000000038e+01,8.415490000000000137e+00
Comp_ID,0,1,2
Comp_Name,NONE,WingGeom,WingGeom
Cs,0.000000000000000000e+00,4.442999999999999727e-01,1.871299999999999908e-01
Mach,1.000000000000000021e-03,1.000000000000000021e-03,1.000000000000000021e-03
Results_Name,CpSlice_Wrapper
Results_Timestamp,1762337877
Results_Date,11,5,2025
Results_Time,11,17,57
CpSlice_Case_ID_Vec,MGEWEXS
Num_Cuts,1
Results_Name,CpSlicer_Case
Results_Timestamp,1762337877
Results_Date,11,5,2025
Results_Time,11,17,57
Alpha,0.000000000000000000e+00
Beta,0.000000000000000000e+00
Case,1
Cut_Loc,0.000000000000000000e+00
Cut_Num,1
Cut_Type,1
Mach,1.000000000000000021e-03
X_Loc,4.186899999999999622e+00,4.186899999999999622e+00,4.108200000000000074e+00,4.108200000000000074e+00,3.994000000000000217e+00,3.994000000000000217e+00,3.832199999999999829e+00,3.832199999999999829e+00,3.610399999999999832e+00,3.610399999999999832e+00,3.319399999999999906e+00,3.319399999999999906e+00,2.956999999999999851e+00,2.956999999999999851e+00,2.532300000000000217e+00,2.532300000000000217e+00,2.069999999999999840e+00,2.069999999999999840e+00,1.606700000000000017e+00,1.606700000000000017e+00,1.179499999999999993e+00,1.179499999999999993e+00,8.142000000000000348e-01,8.142000000000000348e-01,5.218000000000000416e-01,5.218000000000000416e-01,3.002000000000000224e-01,3.002000000000000224e-01,1.401000000000000023e-01,1.401000000000000023e-01,3.400000000000000244e-02,3.400000000000000244e-02,0.000000000000000000e+00,4.186899999999999622e+00,4.186899999999999622e+00,4.108200000000000074e+00,4.108200000000000074e+00,3.994000000000000217e+00,3.994000000000000217e+00,3.832199999999999829e+00,3.832199999999999829e+00,3.610399999999999832e+00,3.610399999999999832e+00,3.319399999999999906e+00,3.319399999999999906e+00,2.956999999999999851e+00,2.956999999999999851e+00,2.532300000000000217e+00,2.532300000000000217e+00,2.069999999999999840e+00,2.069999999999999840e+00,1.606700000000000017e+00,1.606700000000000017e+00,1.179499999999999993e+00,1.179499999999999993e+00,8.142000000000000348e-01,8.142000000000000348e-01,5.218000000000000416e-01,5.218000000000000416e-01,3.002000000000000224e-01,3.002000000000000224e-01,1.401000000000000023e-01,1.401000000000000023e-01,3.400000000000000244e-02,3.400000000000000244e-02,0.000000000000000000e+00
Y_Loc,0.000000000000000000e+00,0.000000000000000000e+00,0.000000000000000000e+00,0.000000000000000000e+00,0.000000000000000000e+00,0.000000000000000000e+00,0.000000000000000000e+00,0.000000000000000000e+00,0.000000000000000000e+00,0.000000000000000000e+00,0.000000000000000000e+00,0.000000000000000000e+00,0.000000000000000000e+00,0.000000000000000000e+00,0.000000000000000000e+00,0.000000000000000000e+00,0.000000000000000000e+00,0.000000000000000000e+00,0.000000000000000000e+00,0.000000000000000000e+00,0.000000000000000000e+00,0.000000000000000000e+00,0.000000000000000000e+00,0.000000000000000000e+00,0.000000000000000000e+00,0.000000000000000000e+00,0.000000000000000000e+00,0.000000000000000000e+00,0.000000000000000000e+00,0.000000000000000000e+00,0.000000000000000000e+00,0.000000000000000000e+00,0.000000000000000000e+00,0.000000000000000000e+00,0.000000000000000000e+00,0.000000000000000000e+00,0.000000000000000000e+00,0.000000000000000000e+00,0.000000000000000000e+00,0.000000000000000000e+00,0.000000000000000000e+00,0.000000000000000000e+00,0.000000000000000000e+00,0.000000000000000000e+00,0.000000000000000000e+00,0.000000000000000000e+00,0.000000000000000000e+00,0.000000000000000000e+00,0.000000000000000000e+00,0.000000000000000000e+00,0.000000000000000000e+00,0.000000000000000000e+00,0.000000000000000000e+00,0.000000000000000000e+00,0.000000000000000000e+00,0.000000000000000000e+00,0.000000000000000000e+00,0.000000000000000000e+00,0.000000000000000000e+00,0.000000000000000000e+00,0.000000000000000000e+00,0.000000000000000000e+00,0.000000000000000000e+00,0.000000000000000000e+00,0.000000000000000000e+00,0.000000000000000000e+00
Z_Loc,-3.830000000000000071e-02,-3.830000000000000071e-02,-2.009999999999999981e-02,-2.009999999999999981e-02,5.000000000000000104e-04,5.000000000000000104e-04,2.160000000000000114e-02,2.160000000000000114e-02,3.729999999999999982e-02,3.729999999999999982e-02,4.150000000000000216e-02,4.150000000000000216e-02,3.200000000000000067e-02,3.200000000000000067e-02,1.600000000000000033e-02,1.600000000000000033e-02,4.300000000000000003e-03,4.300000000000000003e-03,5.000000000000000104e-04,5.000000000000000104e-04,-2.000000000000000096e-04,-2.000000000000000096e-04,2.999999999999999737e-04,2.999999999999999737e-04,6.999999999999999929e-04,6.999999999999999929e-04,1.399999999999999986e-03,1.399999999999999986e-03,2.599999999999999881e-03,2.599999999999999881e-03,5.899999999999999863e-03,5.899999999999999863e-03,0.000000000000000000e+00,-3.830000000000000071e-02,-3.830000000000000071e-02,-2.009999999999999981e-02,-2.009999999999999981e-02,5.000000000000000104e-04,5.000000000000000104e-04,2.160000000000000114e-02,2.160000000000000114e-02,3.729999999999999982e-02,3.729999999999999982e-02,4.150000000000000216e-02,4.150000000000000216e-02,3.200000000000000067e-02,3.200000000000000067e-02,1.600000000000000033e-02,1.600000000000000033e-02,4.300000000000000003e-03,4.300000000000000003e-03,5.000000000000000104e-04,5.000000000000000104e-04,-2.000000000000000096e-04,-2.000000000000000096e-04,2.999999999999999737e-04,2.999999999999999737e-04,6.999999999999999929e-04,6.999999999999999929e-04,1.399999999999999986e-03,1.399999999999999986e-03,2.599999999999999881e-03,2.599999999999999881e-03,5.899999999999999863e-03,5.899999999999999863e-03,0.000000000000000000e+00
dCp,-1.167200000000000015e+00,-1.167200000000000015e+00,-2.228800000000000114e+00,-2.228800000000000114e+00,-2.697099999999999831e+00,-2.697099999999999831e+00,-2.343999999999999861e+00,-2.343999999999999861e+00,-1.736199999999999966e+00,-1.736199999999999966e+00,-1.155299999999999994e+00,-1.155299999999999994e+00,-6.941000000000000503e-01,-6.941000000000000503e-01,-3.683000000000000163e-01,-3.683000000000000163e-01,-1.618999999999999884e-01,-1.618999999999999884e-01,-4.349999999999999700e-02,-4.349999999999999700e-02,1.770000000000000046e-02,1.770000000000000046e-02,3.930000000000000160e-02,3.930000000000000160e-02,2.170000000000000054e-02,2.170000000000000054e-02,-4.019999999999999962e-02,-4.019999999999999962e-02,-1.215999999999999998e-01,-1.215999999999999998e-01,-1.628999999999999893e-01,-1.628999999999999893e-01,-1.691000000000000003e-01,1.277000000000000079e-01,1.277000000000000079e-01,1.700000000000000122e-01,1.700000000000000122e-01,4.359999999999999987e-02,4.359999999999999987e-02,-1.668999999999999928e-01,-1.668999999999999928e-01,-3.151999999999999802e-01,-3.151999999999999802e-01,-3.679000000000000048e-01,-3.679000000000000048e-01,-3.583999999999999964e-01,-3.583999999999999964e-01,-3.372999999999999887e-01,-3.372999999999999887e-01,-3.423999999999999821e-01,-3.423999999999999821e-01,-3.920000000000000151e-01,-3.920000000000000151e-01,-4.984000000000000097e-01,-4.984000000000000097e-01,-6.881000000000000449e-01,-6.881000000000000449e-01,-1.018999999999999906e+00,-1.018999999999999906e+00,-1.593099999999999961e+00,-1.593099999999999961e+00,-2.513500000000000068e+00,-2.513500000000000068e+00,-3.520500000000000185e+00,-3.520500000000000185e+00,-4.356300000000000061e+00
