Force Coefficients for group 1 --> C:/Users/olive/OneDrive/Documenti/politecnico/materiale/secondo_anno/Progettazione_veicoli_aerospaziali/Progettazione_di_veicoli/airfoil/wing/wing_1.0_DegenGeom 

   Time        Cx         Cy         Cz        Cxo        Cyo        Czo        Cxi        Cyi        Czi        Cmx        Cmy        Cmz        Cmxo       Cmyo       Cmzo       Cmxi       Cmyi       Cmzi        CL         CD         CS        CLo        CDo        CSo        CLi        CDi        CSi 
   1.00000    0.00626   -0.00003    0.23302    0.00443    0.00000   -0.00003    0.00183   -0.00003    0.23305    0.04544    0.23725   -0.00117   -0.00008    0.30316   -0.00018    0.04552   -0.06591   -0.00099    0.23302    0.00626   -0.00003   -0.00003    0.00443    0.00000    0.23305    0.00183   -0.00003 
   2.00000    0.00636   -0.00000    0.23905    0.00445   -0.00000   -0.00004    0.00191   -0.00000    0.23909    0.00123    0.24199   -0.00003   -0.00000    0.30481   -0.00000    0.00123   -0.06283   -0.00002    0.23905    0.00636   -0.00000   -0.00004    0.00445   -0.00000    0.23909    0.00191   -0.00000 
   3.00000    0.00637   -0.00000    0.23921    0.00445   -0.00000   -0.00004    0.00192   -0.00000    0.23925    0.00013    0.24240   -0.00000   -0.00000    0.30486   -0.00000    0.00013   -0.06246   -0.00000    0.23921    0.00637   -0.00000   -0.00004    0.00445   -0.00000    0.23925    0.00192   -0.00000 
   4.00000    0.00637    0.00000    0.23922    0.00445    0.00000   -0.00004    0.00192    0.00000    0.23926    0.00002    0.24242    0.00000   -0.00000    0.30486   -0.00000    0.00002   -0.06244    0.00000    0.23922    0.00637    0.00000   -0.00004    0.00445    0.00000    0.23926    0.00192    0.00000 
   5.00000    0.00637    0.00000    0.23922    0.00445    0.00000   -0.00004    0.00192    0.00000    0.23926    0.00001    0.24244    0.00000   -0.00000    0.30486   -0.00000    0.00001   -0.06243    0.00000    0.23922    0.00637    0.00000   -0.00004    0.00445    0.00000    0.23926    0.00192    0.00000 


Average over last full revolution: 

   5.00000    0.00637    0.00000    0.23922    0.00445    0.00000   -0.00004    0.00192    0.00000    0.23926    0.00001    0.24244    0.00000   -0.00000    0.30486   -0.00000    0.00001   -0.06243    0.00000    0.23922    0.00637    0.00000   -0.00004    0.00445    0.00000    0.23926    0.00192    0.00000 



Average loading for wing surface: 1 --> VSP Surface: 1 ... NOTE: values are per area! 

  Station     S       Chord     Area      V/Vref        Cx            Cy            Cz           Cxo           Cyo           Czo          Cxi            Cyi           Czi           Cl            Cd            Cs            Clo           Cdo           Cso           Cli           Cdi           Csi           Cmx           Cmy           Cmz          Cmxo          Cmyo          Cmzo          Cmxi          Cmyi          Cmzi 
        1   0.07282   3.87883  11.48228   0.99810  8.929813e-03 -2.413721e-05  2.711170e-01  5.315646e-03  1.839908e-06 -4.836330e-05  3.614167e-03 -2.597712e-05  2.711654e-01  2.711170e-01  8.929813e-03  5.289668e-03 -4.836330e-05  5.315646e-03  1.839908e-06  2.711654e-01  3.614167e-03 -2.597712e-05  1.037255e-01  1.779112e-01 -3.970997e-03 -5.091314e-05  9.384775e-02 -2.025606e-03  1.037764e-01  8.406341e-02 -1.945391e-03 
        2   0.25244   3.26231   9.65724   0.99819  8.249126e-03  3.293308e-04  2.981994e-01  5.533055e-03  2.026576e-06 -5.033427e-05  2.716071e-03  3.273042e-04  2.982498e-01  2.981994e-01  8.249126e-03  5.860360e-03 -5.033427e-05  5.533055e-03  2.026576e-06  2.982498e-01  2.716071e-03  3.273042e-04  3.983497e-01  1.428719e-01 -1.190580e-02 -1.109526e-04  1.161636e-01 -7.519580e-03  3.984607e-01  2.670822e-02 -4.386221e-03 
        3   0.46603   2.64579   7.83220   0.99827  7.757245e-03  6.587569e-04  3.199615e-01  5.768782e-03  1.981871e-06 -5.246434e-05  1.988463e-03  6.567750e-04  3.200139e-01  3.199615e-01  7.757245e-03  6.425557e-03 -5.246434e-05  5.768782e-03  1.981871e-06  3.200139e-01  1.988463e-03  6.567750e-04  8.765538e-01  7.812289e-02 -2.228357e-02 -1.978316e-04  1.493554e-01 -1.611083e-02  8.767516e-01 -7.123247e-02 -6.172737e-03 
        4   0.67962   2.02928   6.00716   0.99838  7.298050e-03  1.013160e-03  3.365315e-01  6.037994e-03  1.832443e-06 -5.491569e-05  1.260056e-03  1.011328e-03  3.365864e-01  3.365315e-01  7.298050e-03  7.049322e-03 -5.491569e-05  6.037994e-03  1.832443e-06  3.365864e-01  1.260056e-03  1.011328e-03  1.681406e+00 -4.169316e-02 -3.732308e-02 -3.418083e-04  2.038479e-01 -3.077985e-02  1.681748e+00 -2.455411e-01 -6.543233e-03 
        5   0.89321   1.41276   4.18211   0.99853  7.559279e-03  1.037397e-03  3.444746e-01  6.364441e-03  1.307193e-06 -5.797406e-05  1.194838e-03  1.036090e-03  3.445326e-01  3.444746e-01  7.559279e-03  7.400532e-03 -5.797406e-05  6.364441e-03  1.307193e-06  3.445326e-01  1.194838e-03  1.036090e-03  3.192916e+00 -2.393232e-01 -7.045530e-02 -6.091957e-04  3.086806e-01 -5.991793e-02  3.193525e+00 -5.480037e-01 -1.053737e-02 



Average loading for wing surface: 2 --> VSP Surface: 2 ... NOTE: values are per area! 

  Station     S       Chord     Area      V/Vref        Cx            Cy            Cz           Cxo           Cyo           Czo          Cxi            Cyi           Czi           Cl            Cd            Cs            Clo           Cdo           Cso           Cli           Cdi           Csi           Cmx           Cmy           Cmz          Cmxo          Cmyo          Cmzo          Cmxi          Cmyi          Cmzi 
        1   0.07282   3.87883  11.48228   0.99810  8.929608e-03  2.410133e-05  2.711150e-01  5.315631e-03 -1.840888e-06 -4.836104e-05  3.613977e-03  2.594222e-05  2.711633e-01  2.711150e-01  8.929608e-03  5.341574e-03 -4.836104e-05  5.315631e-03 -1.840888e-06  2.711633e-01  3.613977e-03  2.594222e-05 -1.037241e-01  1.779075e-01  3.970908e-03  5.092960e-05  9.384750e-02  2.025601e-03 -1.037750e-01  8.406004e-02  1.945307e-03 
        2   0.25244   3.26231   9.65724   0.99820  8.249025e-03 -3.292145e-04  2.981989e-01  5.533082e-03 -2.025483e-06 -5.033202e-05  2.715944e-03 -3.271890e-04  2.982493e-01  2.981989e-01  8.249025e-03  5.205892e-03 -5.033202e-05  5.533082e-03 -2.025483e-06  2.982493e-01  2.715944e-03 -3.271890e-04 -3.983515e-01  1.428694e-01  1.190573e-02  1.109266e-04  1.161642e-01  7.519616e-03 -3.984624e-01  2.670521e-02  4.386114e-03 
        3   0.46603   2.64579   7.83220   0.99827  7.757493e-03 -6.579156e-04  3.199647e-01  5.768807e-03 -1.974379e-06 -5.246888e-05  1.988687e-03 -6.559412e-04  3.200172e-01  3.199647e-01  7.757493e-03  5.112865e-03 -5.246888e-05  5.768807e-03 -1.974379e-06  3.200172e-01  1.988687e-03 -6.559412e-04 -8.765845e-01  7.812808e-02  2.228494e-02  1.976503e-04  1.493560e-01  1.611090e-02 -8.767821e-01 -7.122792e-02  6.174033e-03 
        4   0.67962   2.02928   6.00716   0.99838  7.298369e-03 -1.012323e-03  3.365266e-01  6.037976e-03 -1.824925e-06 -5.491746e-05  1.260393e-03 -1.010498e-03  3.365815e-01  3.365266e-01  7.298369e-03  5.027479e-03 -5.491746e-05  6.037976e-03 -1.824925e-06  3.365815e-01  1.260393e-03 -1.010498e-03 -1.681409e+00 -4.167942e-02  3.732569e-02  3.415635e-04  2.038473e-01  3.077977e-02 -1.681751e+00 -2.455267e-01  6.545926e-03 
        5   0.89321   1.41276   4.18211   0.99853  7.559753e-03 -1.036982e-03  3.444405e-01  6.364300e-03 -1.293048e-06 -5.795669e-05  1.195452e-03 -1.035689e-03  3.444985e-01  3.444405e-01  7.559753e-03  5.328611e-03 -5.795669e-05  6.364300e-03 -1.293048e-06  3.444985e-01  1.195452e-03 -1.035689e-03 -3.192616e+00 -2.392475e-01  7.046029e-02  6.083463e-04  3.086737e-01  5.991662e-02 -3.193224e+00 -5.479212e-01  1.054367e-02 



Time history of loading for wing surface: 1 --> VSP Surface: 1 ... NOTE: values per area! 

  Station    Time       S       Chord     Area      V/Vref        Cx            Cy            Cz           Cxo           Cyo           Czo          Cxi            Cyi           Czi           Cl            Cd            Cs            Clo           Cdo           Cso           Cli           Cdi           Csi           Cmx           Cmy           Cmz          Cmxo          Cmyo          Cmzo          Cmxi          Cmyi          Cmzi 
        1   0.00000   0.07282   3.87883  11.48228   0.99810  8.929813e-03 -2.413721e-05  2.711170e-01  5.315646e-03  1.839908e-06 -4.836330e-05  3.614167e-03 -2.597712e-05  2.711654e-01  2.711170e-01  8.929813e-03  5.289668e-03 -4.836330e-05  5.315646e-03  1.839908e-06  2.711654e-01  3.614167e-03 -2.597712e-05  1.037255e-01  1.779112e-01 -3.970997e-03 -5.091314e-05  9.384775e-02 -2.025606e-03  1.037764e-01  8.406341e-02 -1.945391e-03 
        2   0.00000   0.25244   3.26231   9.65724   0.99819  8.249126e-03  3.293308e-04  2.981994e-01  5.533055e-03  2.026576e-06 -5.033427e-05  2.716071e-03  3.273042e-04  2.982498e-01  2.981994e-01  8.249126e-03  5.860360e-03 -5.033427e-05  5.533055e-03  2.026576e-06  2.982498e-01  2.716071e-03  3.273042e-04  3.983497e-01  1.428719e-01 -1.190580e-02 -1.109526e-04  1.161636e-01 -7.519580e-03  3.984607e-01  2.670822e-02 -4.386221e-03 
        3   0.00000   0.46603   2.64579   7.83220   0.99827  7.757245e-03  6.587569e-04  3.199615e-01  5.768782e-03  1.981871e-06 -5.246434e-05  1.988463e-03  6.567750e-04  3.200139e-01  3.199615e-01  7.757245e-03  6.425557e-03 -5.246434e-05  5.768782e-03  1.981871e-06  3.200139e-01  1.988463e-03  6.567750e-04  8.765538e-01  7.812289e-02 -2.228357e-02 -1.978316e-04  1.493554e-01 -1.611083e-02  8.767516e-01 -7.123247e-02 -6.172737e-03 
        4   0.00000   0.67962   2.02928   6.00716   0.99838  7.298050e-03  1.013160e-03  3.365315e-01  6.037994e-03  1.832443e-06 -5.491569e-05  1.260056e-03  1.011328e-03  3.365864e-01  3.365315e-01  7.298050e-03  7.049322e-03 -5.491569e-05  6.037994e-03  1.832443e-06  3.365864e-01  1.260056e-03  1.011328e-03  1.681406e+00 -4.169316e-02 -3.732308e-02 -3.418083e-04  2.038479e-01 -3.077985e-02  1.681748e+00 -2.455411e-01 -6.543233e-03 
        5   0.00000   0.89321   1.41276   4.18211   0.99853  7.559279e-03  1.037397e-03  3.444746e-01  6.364441e-03  1.307193e-06 -5.797406e-05  1.194838e-03  1.036090e-03  3.445326e-01  3.444746e-01  7.559279e-03  7.400532e-03 -5.797406e-05  6.364441e-03  1.307193e-06  3.445326e-01  1.194838e-03  1.036090e-03  3.192916e+00 -2.393232e-01 -7.045530e-02 -6.091957e-04  3.086806e-01 -5.991793e-02  3.193525e+00 -5.480037e-01 -1.053737e-02 



Time history of loading for wing surface: 2 --> VSP Surface: 2 ... NOTE: values per area! 

  Station    Time       S       Chord     Area      V/Vref        Cx            Cy            Cz           Cxo           Cyo           Czo          Cxi            Cyi           Czi           Cl            Cd            Cs            Clo           Cdo           Cso           Cli           Cdi           Csi           Cmx           Cmy           Cmz          Cmxo          Cmyo          Cmzo          Cmxi          Cmyi          Cmzi 
        1   0.00000   0.07282   3.87883  11.48228   0.99810  8.929608e-03  2.410133e-05  2.711150e-01  5.315631e-03 -1.840888e-06 -4.836104e-05  3.613977e-03  2.594222e-05  2.711633e-01  2.711150e-01  8.929608e-03  5.341574e-03 -4.836104e-05  5.315631e-03 -1.840888e-06  2.711633e-01  3.613977e-03  2.594222e-05 -1.037241e-01  1.779075e-01  3.970908e-03  5.092960e-05  9.384750e-02  2.025601e-03 -1.037750e-01  8.406004e-02  1.945307e-03 
        2   0.00000   0.25244   3.26231   9.65724   0.99820  8.249025e-03 -3.292145e-04  2.981989e-01  5.533082e-03 -2.025483e-06 -5.033202e-05  2.715944e-03 -3.271890e-04  2.982493e-01  2.981989e-01  8.249025e-03  5.205892e-03 -5.033202e-05  5.533082e-03 -2.025483e-06  2.982493e-01  2.715944e-03 -3.271890e-04 -3.983515e-01  1.428694e-01  1.190573e-02  1.109266e-04  1.161642e-01  7.519616e-03 -3.984624e-01  2.670521e-02  4.386114e-03 
        3   0.00000   0.46603   2.64579   7.83220   0.99827  7.757493e-03 -6.579156e-04  3.199647e-01  5.768807e-03 -1.974379e-06 -5.246888e-05  1.988687e-03 -6.559412e-04  3.200172e-01  3.199647e-01  7.757493e-03  5.112865e-03 -5.246888e-05  5.768807e-03 -1.974379e-06  3.200172e-01  1.988687e-03 -6.559412e-04 -8.765845e-01  7.812808e-02  2.228494e-02  1.976503e-04  1.493560e-01  1.611090e-02 -8.767821e-01 -7.122792e-02  6.174033e-03 
        4   0.00000   0.67962   2.02928   6.00716   0.99838  7.298369e-03 -1.012323e-03  3.365266e-01  6.037976e-03 -1.824925e-06 -5.491746e-05  1.260393e-03 -1.010498e-03  3.365815e-01  3.365266e-01  7.298369e-03  5.027479e-03 -5.491746e-05  6.037976e-03 -1.824925e-06  3.365815e-01  1.260393e-03 -1.010498e-03 -1.681409e+00 -4.167942e-02  3.732569e-02  3.415635e-04  2.038473e-01  3.077977e-02 -1.681751e+00 -2.455267e-01  6.545926e-03 
        5   0.00000   0.89321   1.41276   4.18211   0.99853  7.559753e-03 -1.036982e-03  3.444405e-01  6.364300e-03 -1.293048e-06 -5.795669e-05  1.195452e-03 -1.035689e-03  3.444985e-01  3.444405e-01  7.559753e-03  5.328611e-03 -5.795669e-05  6.364300e-03 -1.293048e-06  3.444985e-01  1.195452e-03 -1.035689e-03 -3.192616e+00 -2.392475e-01  7.046029e-02  6.083463e-04  3.086737e-01  5.991662e-02 -3.193224e+00 -5.479212e-01  1.054367e-02 
